democratic	democratic7	energy	random	static
0.166667 61	0.166667 61	0.166667 6	0.166667 6	0 6
0.333333 61	0.333333 61	0.333333 5	0.333333 3	1.82697 5
0.5 61	0.5 61	0.5 7	0.5 6	1.83132 4
0.666667 61	0.666667 61	0.666667 7	0.666667 1	1.84713 3
0.833333 61	0.833333 61	0.833333 6	0.833333 5	1.90357 2
1 61	1 61	1 5	1 6	1.9443 1
1.16667 2	1.16667 2	1.16667 7	1.16667 4	1.99392 0
1.33333 3	1.33333 2	1.33333 6	1.33333 8	
1.5 7	1.5 2	1.5 6	1.5 7	
1.66667 7	1.66667 2	1.66667 6	1.66667 6	
1.83333 5	1.83333 2	1.83333 2	1.83333 6	
2 4	2 4	2 4	2 7	
2.16667 6	2.16667 5	2.16667 6	2.16667 6	
2.33333 7	2.33333 4	2.33333 7	2.33333 7	
2.5 9	2.5 2	2.5 6	2.5 4	
2.66667 6	2.66667 4	2.66667 8	2.66667 8	
2.83333 3	2.83333 4	2.83333 5	2.83333 7	
3 3	3 6	3 8	3 5	
3.16667 4	3.16667 7	3.16667 8	3.16667 6	
3.33333 6	3.33333 4	3.33333 3	3.33333 5	
3.5 9	3.5 6	3.5 4	3.5 9	
3.66667 4	3.66667 2	3.66667 3	3.66667 5	
3.83333 5	3.83333 2	3.83333 3	3.83333 6	
4 8	4 2	4 5	4 8	
4.16667 7	4.16667 2	4.16667 6	4.16667 5	
4.33333 8	4.33333 4	4.33333 7	4.33333 7	
4.5 5	4.5 5	4.5 5	4.5 6	
4.66667 2	4.66667 4	4.66667 7	4.66667 8	
4.83333 5	4.83333 4	4.83333 6	4.83333 7	
5 6	5 5	5 9	5 7	
5.16667 7	5.16667 2	5.16667 7	5.16667 3	
5.33333 7	5.33333 5	5.33333 3	5.33333 3	
5.5 2	5.5 4	5.5 3	5.5 6	
5.66667 5	5.66667 6	5.66667 5	5.66667 4	
5.83333 7	5.83333 6	5.83333 7	5.83333 5	
6 7	6 5	6 6	6 7	
6.16667 7	6.16667 4	6.16667 4	6.16667 7	
6.33333 7	6.33333 2	6.33333 8	6.33333 2	
6.5 4	6.5 2	6.5 4	6.5 8	
6.66667 3	6.66667 2	6.66667 5	6.66667 5	
6.83333 5	6.83333 5	6.83333 7	6.83333 7	
7 6	7 3	7 9	7 6	
7.16667 5	7.16667 4	7.16667 5	7.16667 6	
7.33333 7	7.33333 6	7.33333 4	7.33333 6	
7.5 6	7.5 2	7.5 4	7.5 7	
7.66667 5	7.66667 4	7.66667 7	7.66667 1	
7.83333 6	7.83333 3	7.83333 4	7.83333 3	
8 7	8 5	8 4	8 6	
8.16667 8	8.16667 6	8.16667 6	8.16667 8	
8.33333 5	8.33333 6	8.33333 7	8.33333 9	
8.5 3	8.5 4	8.5 7	8.5 4	
8.66667 6	8.66667 5	8.66667 6	8.66667 8	
8.83333 5	8.83333 4	8.83333 7	8.83333 8	
9 4	9 2	9 6	9 8	
9.16667 6	9.16667 2	9.16667 4	9.16667 7	
9.33333 4	9.33333 3	9.33333 5	9.33333 5	
9.5 5	9.5 5	9.5 6	9.5 6	
9.66667 9	9.66667 3	9.66667 3	9.66667 3	
9.83333 7	9.83333 6	9.83333 6	9.83333 5	
10 7	10 2	10 6	10 7	
10.1667 6	10.1667 3	10.1667 5	10.1667 6	
10.3333 3	10.3333 4	10.3333 7	10.3333 6	
10.5 6	10.5 3	10.5 6	10.5 8	
10.6667 6	10.6667 5	10.6667 8	10.6667 7	
10.8333 6	10.8333 6	10.8333 7	10.8333 4	
11 3	11 4	11 4	11 6	
11.1667 5	11.1667 3	11.1667 4	11.1667 7	
11.3333 6	11.3333 6	11.3333 6	11.3333 7	
11.5 7	11.5 5	11.5 2	11.5 5	
11.6667 4	11.6667 3	11.6667 8	11.6667 6	
11.8333 7	11.8333 4	11.8333 5	11.8333 7	
12 7	12 4	12 8	12 5	
12.1667 8	12.1667 3	12.1667 5	12.1667 6	
12.3333 5	12.3333 2	12.3333 3	12.3333 5	
12.5 4	12.5 5	12.5 8	12.5 7	
12.6667 4	12.6667 3	12.6667 9	12.6667 7	
12.8333 5	12.8333 4	12.8333 4	12.8333 4	
13 7	13 5	13 7	13 7	
13.1667 3	13.1667 2	13.1667 3	13.1667 6	
13.3333 6	13.3333 5	13.3333 3	13.3333 6	
13.5 9	13.5 3	13.5 6	13.5 6	
13.6667 5	13.6667 6	13.6667 6	13.6667 5	
13.8333 6	13.8333 6	13.8333 5	13.8333 6	
14 7	14 3	14 9	14 7	
14.1667 6	14.1667 2	14.1667 4	14.1667 7	
14.3333 5	14.3333 5	14.3333 7	14.3333 6	
14.5 5	14.5 6	14.5 4	14.5 5	
14.6667 3	14.6667 4	14.6667 6	14.6667 5	
14.8333 5	14.8333 2	14.8333 8	14.8333 5	
15 7	15 4	15 4	15 6	
15.1667 5	15.1667 2	15.1667 4	15.1667 2	
15.3333 5	15.3333 5	15.3333 6	15.3333 8	
15.5 7	15.5 3	15.5 4	15.5 7	
15.6667 6	15.6667 3	15.6667 5	15.6667 3	
15.8333 6	15.8333 3	15.8333 6	15.8333 3	
16 0	16 6	16 8	16 3	
16.1667 0	16.1667 4	16.1667 4	16.1667 2	
16.3333 0	16.3333 4	16.3333 9	16.3333 2	
16.5 0	16.5 5	16.5 9	16.5 6	
16.6667 0	16.6667 3	16.6667 4	16.6667 3	
16.8333 0	16.8333 4	16.8333 3	16.8333 4	
17 0	17 7	17 3	17 3	
17.1667 0	17.1667 6	17.1667 6	17.1667 3	
17.3333 0	17.3333 2	17.3333 5	17.3333 5	
17.5 0	17.5 2	17.5 3	17.5 5	
17.6667 0	17.6667 5	17.6667 5	17.6667 4	
17.8333 0	17.8333 2	17.8333 7	17.8333 4	
18 0	18 2	18 4	18 2	
18.1667 0	18.1667 3	18.1667 0	18.1667 5	
18.3333 0	18.3333 6	18.3333 0	18.3333 4	
18.5 0	18.5 5	18.5 0	18.5 4	
18.6667 0	18.6667 3	18.6667 0	18.6667 1	
18.8333 0	18.8333 5	18.8333 0	18.8333 2	
19 0	19 3	19 0	19 4	
19.1667 0	19.1667 3	19.1667 0	19.1667 4	
19.3333 0	19.3333 6	19.3333 0	19.3333 3	
19.5 0	19.5 3	19.5 0	19.5 4	
19.6667 0	19.6667 5	19.6667 0	19.6667 1	
19.8333 0	19.8333 6	19.8333 0	19.8333 2	
20 0	20 3	20 0	20 4	
20.1667 0	20.1667 3	20.1667 0	20.1667 2	
20.3333 0	20.3333 3	20.3333 0	20.3333 2	
20.5 0	20.5 5	20.5 0	20.5 3	
20.6667 0	20.6667 3	20.6667 0	20.6667 1	
20.8333 0	20.8333 2	20.8333 0	20.8333 2	
21 0	21 3	21 0	21 4	
21.1667 0	21.1667 2	21.1667 0	21.1667 2	
21.3333 0	21.3333 3	21.3333 0	21.3333 3	
21.5 0	21.5 0	21.5 0	21.5 2	
21.6667 0	21.6667 0	21.6667 0	21.6667 0	
21.8333 0	21.8333 0	21.8333 0	21.8333 3	
22 0	22 0	22 0	22 2	
22.1667 0	22.1667 0	22.1667 0	22.1667 1	
22.3333 0	22.3333 0	22.3333 0	22.3333 2	
22.5 0	22.5 0	22.5 0	22.5 0	
22.6667 0	22.6667 0	22.6667 0	22.6667 3	
22.8333 0	22.8333 0	22.8333 0	22.8333 0	
23 0	23 0	23 0	23 1	
23.1667 0	23.1667 0	23.1667 0	23.1667 2	
23.3333 0	23.3333 0	23.3333 0	23.3333 0	
23.5 0	23.5 0	23.5 0	23.5 2	
23.6667 0	23.6667 0	23.6667 0	23.6667 2	
23.8333 0	23.8333 0	23.8333 0	23.8333 3	
24 0	24 0	24 0	24 1	
24.1667 0	24.1667 0	24.1667 0	24.1667 4	
24.3333 0	24.3333 0	24.3333 0	24.3333 1	
24.5 0	24.5 0	24.5 0	24.5 1	
24.6667 0	24.6667 0	24.6667 0	24.6667 1	
24.8333 0	24.8333 0	24.8333 0	24.8333 1	
25 0	25 0	25 0	25 2	
25.1667 0	25.1667 0	25.1667 0	25.1667 0	
25.3333 0	25.3333 0	25.3333 0	25.3333 1	
25.5 0	25.5 0	25.5 0	25.5 2	
25.6667 0	25.6667 0	25.6667 0	25.6667 2	
25.8333 0	25.8333 0	25.8333 0	25.8333 0	
26 0	26 0	26 0	26 0	
26.1667 0	26.1667 0	26.1667 0	26.1667 2	
26.3333 0	26.3333 0	26.3333 0	26.3333 1	
26.5 0	26.5 0	26.5 0	26.5 1	
26.6667 0	26.6667 0	26.6667 0	26.6667 0	
26.8333 0	26.8333 0	26.8333 0	26.8333 0	
27 0	27 0	27 0	27 1	
27.1667 0	27.1667 0	27.1667 0	27.1667 0	
27.3333 0	27.3333 0	27.3333 0	27.3333 2	
27.5 0	27.5 0	27.5 0	27.5 1	
27.6667 0	27.6667 0	27.6667 0	27.6667 0	
27.8333 0	27.8333 0	27.8333 0	27.8333 0	
28 0	28 0	28 0	28 2	
28.1667 0	28.1667 0	28.1667 0	28.1667 1	
28.3333 0	28.3333 0	28.3333 0	28.3333 0	
28.5 0	28.5 0	28.5 0	28.5 1	
28.6667 0	28.6667 0	28.6667 0	28.6667 1	
28.8333 0	28.8333 0	28.8333 0	28.8333 0	
29 0	29 0	29 0	29 1	
29.1667 0	29.1667 0	29.1667 0	29.1667 1	
29.3333 0	29.3333 0	29.3333 0	29.3333 0	
29.5 0	29.5 0	29.5 0	29.5 0	
29.6667 0	29.6667 0	29.6667 0	29.6667 1	
29.8333 0	29.8333 0	29.8333 0	29.8333 1	
30 0	30 0	30 0	30 1	
30.1667 0	30.1667 0	30.1667 0	30.1667 0	
30.3333 0	30.3333 0	30.3333 0	30.3333 0	
30.5 0	30.5 0	30.5 0	30.5 0	
30.6667 0	30.6667 0	30.6667 0	30.6667 0	
30.8333 0	30.8333 0	30.8333 0	30.8333 0	
31 0	31 0	31 0	31 0	
31.1667 0	31.1667 0	31.1667 0	31.1667 0	
31.3333 0	31.3333 0	31.3333 0	31.3333 1	
31.5 0	31.5 0	31.5 0	31.5 0	
31.6667 0	31.6667 0	31.6667 0	31.6667 0	
31.8333 0	31.8333 0	31.8333 0	31.8333 0	
32 0	32 0	32 0	32 0	
32.1667 0	32.1667 0	32.1667 0	32.1667 0	
32.3333 0	32.3333 0	32.3333 0	32.3333 0	
32.5 0	32.5 0	32.5 0	32.5 0	
32.6667 0	32.6667 0	32.6667 0	32.6667 1	
32.8333 0	32.8333 0	32.8333 0	32.8333 0	
33 0	33 0	33 0	33 0	
33.1667 0	33.1667 0	33.1667 0	33.1667 0	
33.3333 0	33.3333 0	33.3333 0	33.3333 0	
33.5 0	33.5 0	33.5 0	33.5 0	
33.6667 0	33.6667 0	33.6667 0	33.6667 0	
33.8333 0	33.8333 0	33.8333 0	33.8333 0	
34 0	34 0	34 0	34 0	
34.1667 0	34.1667 0	34.1667 0	34.1667 0	
34.3333 0	34.3333 0	34.3333 0	34.3333 0	
34.5 0	34.5 0	34.5 0	34.5 0	
34.6667 0	34.6667 0	34.6667 0	34.6667 0	
34.8333 0	34.8333 0	34.8333 0	34.8333 1	
35 0	35 0	35 0	35 0	
35.1667 0	35.1667 0	35.1667 0	35.1667 0	
35.3333 0	35.3333 0	35.3333 0	35.3333 0	
35.5 0	35.5 0	35.5 0	35.5 0	
35.6667 0	35.6667 0	35.6667 0	35.6667 0	
35.8333 0	35.8333 0	35.8333 0	35.8333 0	
36 0	36 0	36 0	36 0	
36.1667 0	36.1667 0	36.1667 0	36.1667 0	
36.3333 0	36.3333 0	36.3333 0	36.3333 0	
36.5 0	36.5 0	36.5 0	36.5 1	
36.6667 0	36.6667 0	36.6667 0	36.6667 0	
36.8333 0	36.8333 0	36.8333 0	36.8333 0	
37 0	37 0	37 0	37 0	
37.1667 0	37.1667 0	37.1667 0	37.1667 0	
37.3333 0	37.3333 0	37.3333 0	37.3333 0	
37.5 0	37.5 0	37.5 0	37.5 0	
37.6667 0	37.6667 0	37.6667 0	37.6667 0	
37.8333 0	37.8333 0	37.8333 0	37.8333 0	
38 0	38 0	38 0	38 0	
38.1667 0	38.1667 0	38.1667 0	38.1667 0	
38.3333 0	38.3333 0	38.3333 0	38.3333 0	
38.5 0	38.5 0	38.5 0	38.5 0	
38.6667 0	38.6667 0	38.6667 0	38.6667 0	
38.8333 0	38.8333 0	38.8333 0	38.8333 1	
39 0	39 0	39 0	39 0	
39.1667 0	39.1667 0	39.1667 0	39.1667 0	
39.3333 0	39.3333 0	39.3333 0	39.3333 0	
39.5 0	39.5 0	39.5 0	39.5 0	
39.6667 0	39.6667 0	39.6667 0	39.6667 0	
39.8333 0	39.8333 0	39.8333 0	39.8333 0	
40 0	40 0	40 0	40 0	
40.1667 0	40.1667 0	40.1667 0	40.1667 0	
40.3333 0	40.3333 0	40.3333 0	40.3333 0	
40.5 0	40.5 0	40.5 0	40.5 0	
40.6667 0	40.6667 0	40.6667 0	40.6667 0	
40.8333 0	40.8333 0	40.8333 0	40.8333 0	
41 0	41 0	41 0	41 0	
41.1667 0	41.1667 0	41.1667 0	41.1667 1	
41.3333 0	41.3333 0	41.3333 0	41.3333 1	
41.5 0	41.5 0	41.5 0	41.5 0	
41.6667 0	41.6667 0	41.6667 0	41.6667 0	
41.8333 0	41.8333 0	41.8333 0	41.8333 0	
42 0	42 0	42 0	42 0	
42.1667 0	42.1667 0	42.1667 0	42.1667 0	
42.3333 0	42.3333 0	42.3333 0	42.3333 0	
42.5 0	42.5 0	42.5 0	42.5 0	
42.6667 0	42.6667 0	42.6667 0	42.6667 0	
42.8333 0	42.8333 0	42.8333 0	42.8333 0	
43 0	43 0	43 0	43 0	
43.1667 0	43.1667 0	43.1667 0	43.1667 0	
43.3333 0	43.3333 0	43.3333 0	43.3333 0	
43.5 0	43.5 0	43.5 0	43.5 0	
43.6667 0	43.6667 0	43.6667 0	43.6667 0	
43.8333 0	43.8333 0	43.8333 0	43.8333 0	
44 0	44 0	44 0	44 0	
44.1667 0	44.1667 0	44.1667 0	44.1667 0	
44.3333 0	44.3333 0	44.3333 0	44.3333 0	
44.5 0	44.5 0	44.5 0	44.5 0	
44.6667 0	44.6667 0	44.6667 0	44.6667 0	
44.8333 0	44.8333 0	44.8333 0	44.8333 0	
45 0	45 0	45 0	45 0	
45.1667 0	45.1667 0	45.1667 0	45.1667 0	
45.3333 0	45.3333 0	45.3333 0	45.3333 0	
45.5 0	45.5 0	45.5 0	45.5 0	
45.6667 0	45.6667 0	45.6667 0	45.6667 0	
45.8333 0	45.8333 0	45.8333 0	45.8333 0	
46 0	46 0	46 0	46 0	
46.1667 0	46.1667 0	46.1667 0	46.1667 0	
46.3333 0	46.3333 0	46.3333 0	46.3333 0	
46.5 0	46.5 0	46.5 0	46.5 0	
46.6667 0	46.6667 0	46.6667 0	46.6667 0	
46.8333 0	46.8333 0	46.8333 0	46.8333 0	
47 0	47 0	47 0	47 0	
47.1667 0	47.1667 0	47.1667 0	47.1667 0	
47.3333 0	47.3333 0	47.3333 0	47.3333 0	
47.5 0	47.5 0	47.5 0	47.5 0	
47.6667 0	47.6667 0	47.6667 0	47.6667 0	
47.8333 0	47.8333 0	47.8333 0	47.8333 0	
48 0	48 0	48 0	48 0	
48.1667 0	48.1667 0	48.1667 0	48.1667 0	
48.3333 0	48.3333 0	48.3333 0	48.3333 0	
48.5 0	48.5 0	48.5 0	48.5 0	
48.6667 0	48.6667 0	48.6667 0	48.6667 0	
48.8333 0	48.8333 0	48.8333 0	48.8333 0	
49 0	49 0	49 0	49 0	
49.1667 0	49.1667 0	49.1667 0	49.1667 0	
49.3333 0	49.3333 0	49.3333 0	49.3333 0	
49.5 0	49.5 0	49.5 0	49.5 0	
49.6667 0	49.6667 0	49.6667 0	49.6667 0	
49.8333 0	49.8333 0	49.8333 0	49.8333 0	
50 0	50 0	50 0	50 0	
50.1667 0	50.1667 0	50.1667 0	50.1667 0	
50.3333 0	50.3333 0	50.3333 0	50.3333 0	
50.5 0	50.5 0	50.5 0	50.5 0	
50.6667 0	50.6667 0	50.6667 0	50.6667 0	
50.8333 0	50.8333 0	50.8333 0	50.8333 0	
51 0	51 0	51 0	51 0	
51.1667 0	51.1667 0	51.1667 0	51.1667 0	
51.3333 0	51.3333 0	51.3333 0	51.3333 0	
51.5 0	51.5 0	51.5 0	51.5 0	
51.6667 0	51.6667 0	51.6667 0	51.6667 0	
51.8333 0	51.8333 0	51.8333 0	51.8333 0	
52 0	52 0	52 0	52 0	
52.1667 0	52.1667 0	52.1667 0	52.1667 0	
52.3333 0	52.3333 0	52.3333 0	52.3333 0	
52.5 0	52.5 0	52.5 0	52.5 0	
52.6667 0	52.6667 0	52.6667 0	52.6667 0	
52.8333 0	52.8333 0	52.8333 0	52.8333 0	
53 0	53 0	53 0	53 0	
53.1667 0	53.1667 0	53.1667 0	53.1667 0	
53.3333 0	53.3333 0	53.3333 0	53.3333 0	
53.5 0	53.5 0	53.5 0	53.5 0	
53.6667 0	53.6667 0	53.6667 0	53.6667 0	
53.8333 0	53.8333 0	53.8333 0	53.8333 0	
54 0	54 0	54 0	54 0	
54.1667 0	54.1667 0	54.1667 0	54.1667 0	
54.3333 0	54.3333 0	54.3333 0	54.3333 0	
54.5 0	54.5 0	54.5 0	54.5 0	
54.6667 0	54.6667 0	54.6667 0	54.6667 0	
54.8333 0	54.8333 0	54.8333 0	54.8333 0	
55 0	55 0	55 0	55 0	
55.1667 0	55.1667 0	55.1667 0	55.1667 0	
55.3333 0	55.3333 0	55.3333 0	55.3333 0	
55.5 0	55.5 0	55.5 0	55.5 0	
55.6667 0	55.6667 0	55.6667 0	55.6667 0	
55.8333 0	55.8333 0	55.8333 0	55.8333 0	
56 0	56 0	56 0	56 0	
56.1667 0	56.1667 0	56.1667 0	56.1667 0	
56.3333 0	56.3333 0	56.3333 0	56.3333 0	
56.5 0	56.5 0	56.5 0	56.5 0	
56.6667 0	56.6667 0	56.6667 0	56.6667 0	
56.8333 0	56.8333 0	56.8333 0	56.8333 0	
57 0	57 0	57 0	57 0	
57.1667 0	57.1667 0	57.1667 0	57.1667 0	
57.3333 0	57.3333 0	57.3333 0	57.3333 0	
57.5 0	57.5 0	57.5 0	57.5 0	
57.6667 0	57.6667 0	57.6667 0	57.6667 0	
57.8333 0	57.8333 0	57.8333 0	57.8333 0	
58 0	58 0	58 0	58 0	
58.1667 0	58.1667 0	58.1667 0	58.1667 0	
58.3333 0	58.3333 0	58.3333 0	58.3333 0	
58.5 0	58.5 0	58.5 0	58.5 0	
58.6667 0	58.6667 0	58.6667 0	58.6667 0	
58.8333 0	58.8333 0	58.8333 0	58.8333 0	
59 0	59 0	59 0	59 0	
59.1667 0	59.1667 0	59.1667 0	59.1667 0	
59.3333 0	59.3333 0	59.3333 0	59.3333 0	
59.5 0	59.5 0	59.5 0	59.5 0	
59.6667 0	59.6667 0	59.6667 0	59.6667 0	
59.8333 0	59.8333 0	59.8333 0	59.8333 0	
60 0	60 0	60 0	60 0	
