0.0 0.0 0.0 0.0 0.0 0.0 0.0 0.0 0.0 0.0 0.0 0.0 0.0 0.0 0.0 0.0 0.0 0.0 0.0 0.0 0.0 0.0 0.0 0.0 0.0 0.0 0.0 0.0 0.0 0.0 
0.587778288894 3.1211122889 0.587778288894 7.65444628891 0.587778288894 0.587778288894 3.1211122889 0.587778288894 0.587778288894 0.587778288894 0.587778288894 3.1211122889 0.0544442888874 3.1211122889 3.1211122889 3.1211122889 3.1211122889 3.1211122889 0.587778288894 0.587778288894 3.1211122889 3.1211122889 3.1211122889 3.1211122889 0.587778288894 3.1211122889 67.7877722888 85.2544382888 67.7877722888 67.7877722888 
4.55110968891 4.55110968891 4.55110968891 118.084451689 4.55110968891 4.55110968891 9.81777568892 4.55110968891 4.55110968891 4.55110968891 1.2844436889 4.55110968891 4.55110968891 9.81777568892 9.81777568892 118.084451689 78.6177836888 4.55110968891 4.55110968891 4.55110968891 4.55110968891 4.55110968891 1.2844436889 97.3511176888 9.81777568892 4.55110968891 3.48444568887 8.21777968886 3.48444568887 3.48444568887 
6.76000000003 2.56000000002 6.76000000003 5.75999999997 6.76000000003 6.76000000003 70.5599999999 6.76000000003 12.96 6.76000000003 6.76000000003 6.76000000003 6.76000000003 108.16 70.5599999999 5.75999999997 5.75999999997 6.76000000003 6.76000000003 6.76000000003 6.76000000003 12.96 6.76000000003 5.75999999997 88.3599999999 6.76000000003 0.159999999995 0.159999999995 0.159999999995 0.159999999995 
14.44 7.84000000002 104.04 1.43999999999 14.44 14.44 4.83999999999 7.84000000002 84.6399999999 14.44 7.84000000002 14.44 7.84000000002 4.83999999999 4.83999999999 0.0399999999988 0.0399999999988 7.84000000002 67.24 7.84000000002 7.84000000002 84.6399999999 14.44 0.0399999999988 4.83999999999 14.44 0.0399999999988 0.0399999999988 0.640000000005 0.640000000005 
9.81777568892 17.0844416889 8.21777968886 1.2844436889 17.0844416889 118.084451689 0.75111168888 17.0844416889 3.48444568887 17.0844416889 9.81777568892 97.3511176888 9.81777568892 0.75111168888 0.0177776888904 0.0177776888904 1.2844436889 17.0844416889 0.75111168888 17.0844416889 17.0844416889 3.48444568887 61.8844496888 1.2844436889 0.0177776888904 97.3511176888 4.55110968891 0.0177776888904 4.55110968891 1.2844436889 
16.0 16.0 1.0 1.0 81.0 9.0 1.0 16.0 1.0 25.0 16.0 4.0 9.0 1.0 1.0 1.0 4.0 49.0 1.0 64.0 64.0 0.0 1.0 1.0 1.0 4.0 4.0 4.0 4.0 4.0 
44.89 18.49 0.0900000000017 2.88999999999 2.88999999999 0.489999999996 1.69000000001 18.49 0.489999999996 59.29 44.89 2.88999999999 10.89 1.69000000001 1.69000000001 1.69000000001 5.29000000001 0.489999999996 1.69000000001 0.489999999996 2.88999999999 0.0900000000017 0.0900000000017 1.69000000001 1.69000000001 2.88999999999 5.29000000001 1.69000000001 5.29000000001 5.29000000001 
0.00444448888986 62.9377724888 1.1377784889 8.60444248885 24.3377744888 1.1377784889 4.27111248892 62.9377724888 4.27111248892 8.60444248885 8.60444248885 1.1377784889 62.9377724888 9.40444648893 9.40444648893 4.27111248892 16.5377804889 4.27111248892 9.40444648893 4.27111248892 1.1377784889 4.27111248892 4.27111248892 4.27111248892 4.27111248892 0.871110488877 62.9377724888 4.27111248892 16.5377804889 16.5377804889 
8.80111308889 9.20110908889 8.80111308889 36.4011070889 36.4011070889 8.80111308889 24.6677810889 16.2677750889 8.80111308889 16.2677750889 3.86777908889 8.80111308889 0.00111108888896 3.86777908889 24.6677810889 8.80111308889 16.2677750889 0.00111108888896 25.3344410889 15.7344470889 1.06777708889 8.80111308889 15.7344470889 9.20110908889 3.86777908889 4.13444308889 1.06777708889 15.7344470889 16.2677750889 25.3344410889 
28.09 0.0900000000017 5.29000000001 32.49 0.489999999996 1.69000000001 13.69 0.489999999996 5.29000000001 1.69000000001 1.69000000001 2.88999999999 0.489999999996 1.69000000001 13.69 18.49 5.29000000001 10.89 1.69000000001 1.69000000001 5.29000000001 0.0900000000017 13.69 1.69000000001 0.489999999996 5.29000000001 13.69 32.49 5.29000000001 32.49 
30.25 0.25 2.25 42.25 0.25 6.25 0.25 0.25 2.25 12.25 2.25 2.25 0.25 0.25 12.25 6.25 0.25 6.25 2.25 6.25 2.25 2.25 0.25 2.25 0.25 2.25 0.25 0.25 2.25 2.25 
2.77777888888 18.7777748889 0.444444888886 106.777770889 18.7777748889 40.1111068889 21.7777808889 5.4444428889 0.444444888886 7.11111288888 2.77777888888 11.1111088889 21.7777808889 7.11111288888 5.4444428889 28.4444408889 21.7777808889 18.7777748889 32.1111148889 18.7777748889 32.1111148889 0.111110888891 21.7777808889 0.111110888891 13.4444468889 0.444444888886 7.11111288888 13.4444468889 0.111110888891 5.4444428889 
7.11111288888 0.444444888886 7.11111288888 18.7777748889 0.444444888886 0.111110888891 21.7777808889 2.77777888888 2.77777888888 7.11111288888 13.4444468889 5.4444428889 21.7777808889 0.111110888891 18.7777748889 11.1111088889 11.1111088889 0.444444888886 18.7777748889 5.4444428889 11.1111088889 1.7777768889 18.7777748889 2.77777888888 13.4444468889 7.11111288888 13.4444468889 0.111110888891 7.11111288888 40.1111068889 
16.81 0.80999999999 3.60999999998 24.0099999999 24.0099999999 4.41000000002 15.21 24.0099999999 4.41000000002 16.81 24.0099999999 3.60999999998 24.0099999999 9.61000000004 1.21000000001 4.41000000002 4.41000000002 0.80999999999 4.41000000002 4.41000000002 4.41000000002 9.61000000004 4.41000000002 4.41000000002 34.8099999999 0.0100000000012 1.21000000001 9.61000000004 1.21000000001 0.0100000000012 
32.49 0.0900000000017 1.69000000001 32.49 2.88999999999 0.489999999996 0.489999999996 2.88999999999 5.29000000001 18.49 0.0900000000017 0.489999999996 0.489999999996 0.0900000000017 1.69000000001 1.69000000001 5.29000000001 0.0900000000017 1.69000000001 5.29000000001 2.88999999999 0.489999999996 1.69000000001 5.29000000001 0.489999999996 1.69000000001 5.29000000001 13.69 1.69000000001 2.88999999999 
1.95999999998 0.360000000007 0.360000000007 2.56000000002 12.96 11.56 19.3599999999 2.56000000002 31.3600000001 21.1600000001 0.159999999995 1.95999999998 0.360000000007 19.3599999999 0.360000000007 19.3599999999 12.96 1.95999999998 0.360000000007 29.1599999999 2.56000000002 19.3599999999 5.75999999997 29.1599999999 21.1600000001 2.56000000002 12.96 0.360000000007 5.75999999997 31.3600000001 
1.2844436889 0.75111168888 0.75111168888 9.81777568892 37.617773689 1.2844436889 34.4177816888 4.55110968891 3.48444568887 1.2844436889 0.0177776888904 8.21777968886 9.81777568892 3.48444568887 9.81777568892 17.0844416889 8.21777968886 8.21777968886 23.6844476888 9.81777568892 0.75111168888 17.0844416889 8.21777968886 9.81777568892 17.0844416889 0.0177776888904 8.21777968886 14.9511136888 34.4177816888 1.2844436889 
3.73777648886 0.871110488877 16.5377804889 3.73777648886 1.1377784889 8.60444248885 3.73777648886 0.00444448888986 1.1377784889 1.1377784889 0.00444448888986 0.00444448888986 8.60444248885 0.871110488877 3.73777648886 24.3377744888 36.804448489 1.1377784889 8.60444248885 0.00444448888986 16.5377804889 16.5377804889 49.937782489 3.73777648886 15.4711084888 3.73777648886 36.804448489 24.3377744888 8.60444248885 9.40444648893 
1.69000000001 5.29000000001 28.09 18.49 0.0900000000017 0.0900000000017 22.09 1.69000000001 2.88999999999 0.0900000000017 0.0900000000017 22.09 2.88999999999 5.29000000001 5.29000000001 18.49 5.29000000001 22.09 13.69 13.69 7.28999999998 32.49 5.29000000001 7.28999999998 18.49 10.89 5.29000000001 5.29000000001 13.69 2.88999999999 
6.76000000003 1.95999999998 2.56000000002 54.7599999999 0.360000000007 11.56 11.56 40.9599999999 0.360000000007 0.360000000007 12.96 19.3599999999 1.95999999998 5.75999999997 12.96 5.75999999997 21.1600000001 11.56 21.1600000001 43.5600000001 43.5600000001 11.56 21.1600000001 0.360000000007 1.95999999998 29.1599999999 1.95999999998 1.95999999998 43.5600000001 2.56000000002 
5.4444428889 5.4444428889 0.444444888886 28.4444408889 0.111110888891 11.1111088889 13.4444468889 18.7777748889 13.4444468889 7.11111288888 13.4444468889 0.111110888891 13.4444468889 5.4444428889 13.4444468889 2.77777888888 2.77777888888 7.11111288888 32.1111148889 5.4444428889 5.4444428889 0.111110888891 11.1111088889 13.4444468889 1.7777768889 53.7777728889 7.11111288888 2.77777888888 5.4444428889 1.7777768889 
1.95999999998 2.56000000002 12.96 70.5599999999 6.76000000003 19.3599999999 21.1600000001 40.9599999999 29.1599999999 0.159999999995 19.3599999999 6.76000000003 0.360000000007 29.1599999999 19.3599999999 12.96 2.56000000002 2.56000000002 5.75999999997 12.96 12.96 0.159999999995 12.96 2.56000000002 2.56000000002 19.3599999999 31.3600000001 12.96 12.96 1.95999999998 
7.84000000002 17.64 3.24000000001 116.64 0.640000000005 14.44 3.24000000001 14.44 4.83999999999 0.640000000005 0.640000000005 7.84000000002 10.24 1.43999999999 10.24 27.04 27.04 0.0399999999988 1.43999999999 10.24 14.44 1.43999999999 38.44 4.83999999999 0.640000000005 46.24 3.24000000001 23.04 38.44 10.24 
6.08444608889 0.284444088888 2.15111208889 19.9511140889 12.4844420889 0.21777808889 0.284444088888 0.284444088888 0.21777808889 2.15111208889 6.41777608889 12.0177800889 20.5511080889 2.15111208889 12.4844420889 19.9511140889 6.08444608889 0.21777808889 6.41777608889 2.35111008889 0.284444088888 12.4844420889 6.08444608889 30.6177740889 6.08444608889 41.8177820889 12.4844420889 2.35111008889 6.08444608889 6.41777608889 
1.36111188888 0.0277778888882 1.36111188888 4.69444588888 0.694443888893 38.0277818889 23.3611078889 26.6944478889 0.0277778888882 1.36111188888 3.3611098889 4.69444588888 17.3611138889 10.0277798889 10.0277798889 8.0277758889 23.3611078889 14.6944418889 34.0277738889 34.0277738889 0.694443888893 17.3611138889 14.6944418889 10.0277798889 17.3611138889 0.0277778888882 8.0277758889 4.69444588888 0.694443888893 23.3611078889 
1.43999999999 10.24 3.24000000001 1.43999999999 10.24 17.64 10.24 17.64 1.43999999999 1.43999999999 23.04 27.04 0.0399999999988 17.64 7.84000000002 0.640000000005 46.24 33.64 4.83999999999 4.83999999999 14.44 7.84000000002 46.24 14.44 0.0399999999988 3.24000000001 0.0399999999988 3.24000000001 4.83999999999 17.64 
6.25 0.25 0.25 20.25 2.25 0.25 0.25 12.25 6.25 12.25 12.25 30.25 0.25 30.25 20.25 12.25 2.25 12.25 2.25 0.25 6.25 2.25 6.25 30.25 2.25 12.25 20.25 12.25 2.25 2.25 
0.75111168888 4.55110968891 14.9511136888 0.0177776888904 0.75111168888 0.0177776888904 0.75111168888 50.884439689 1.2844436889 3.48444568887 3.48444568887 4.55110968891 0.0177776888904 4.55110968891 9.81777568892 17.0844416889 34.4177816888 0.0177776888904 4.55110968891 23.6844476888 0.0177776888904 4.55110968891 3.48444568887 4.55110968891 8.21777968886 34.4177816888 9.81777568892 34.4177816888 9.81777568892 4.55110968891 
2.45444548891 2.05444348887 0.187777488883 0.187777488883 0.321111488896 6.58777948892 19.6544414888 12.7211134889 11.7877754888 11.7877754888 0.187777488883 6.58777948892 2.45444548891 2.05444348887 11.7877754888 12.7211134889 2.45444548891 11.7877754888 5.92110948886 6.58777948892 0.187777488883 0.321111488896 11.7877754888 2.05444348887 2.45444548891 20.8544474889 11.7877754888 12.7211134889 2.45444548891 2.45444548891 
2.35111008889 12.0177800889 2.15111208889 2.35111008889 12.0177800889 2.35111008889 12.4844420889 12.4844420889 2.15111208889 30.6177740889 2.35111008889 42.6844400889 12.0177800889 2.35111008889 20.5511080889 6.08444608889 19.9511140889 0.284444088888 29.8844480889 12.0177800889 12.0177800889 0.284444088888 29.8844480889 6.41777608889 2.15111208889 6.08444608889 12.4844420889 12.0177800889 2.35111008889 30.6177740889 
9.40444648893 36.804448489 15.4711084888 0.00444448888986 1.1377784889 3.73777648886 3.73777648886 1.1377784889 24.3377744888 16.5377804889 8.60444248885 0.00444448888986 15.4711084888 16.5377804889 3.73777648886 4.27111248892 9.40444648893 15.4711084888 9.40444648893 0.871110488877 8.60444248885 1.1377784889 4.27111248892 8.60444248885 8.60444248885 15.4711084888 3.73777648886 0.871110488877 9.40444648893 65.071116489 
