democratic	democratic7	energy	random	static
0.166667 61	0.166667 61	0.166667 6	0.166667 6	0 6
0.333333 61	0.333333 61	0.333333 5	0.333333 3	3.61858 5
0.5 61	0.5 61	0.5 7	0.5 6	3.62353 4
0.666667 61	0.666667 61	0.666667 7	0.666667 1	3.65668 3
0.833333 61	0.833333 61	0.833333 6	0.833333 5	3.7782 2
1 61	1 61	1 5	1 6	3.87612 1
1.16667 2	1.16667 2	1.16667 7	1.16667 4	4.00212 0
1.33333 3	1.33333 2	1.33333 6	1.33333 8	
1.5 7	1.5 2	1.5 6	1.5 7	
1.66667 7	1.66667 2	1.66667 6	1.66667 6	
1.83333 5	1.83333 2	1.83333 2	1.83333 6	
2 4	2 4	2 4	2 7	
2.16667 6	2.16667 5	2.16667 6	2.16667 6	
2.33333 7	2.33333 4	2.33333 7	2.33333 7	
2.5 9	2.5 2	2.5 6	2.5 4	
2.66667 6	2.66667 4	2.66667 8	2.66667 8	
2.83333 3	2.83333 4	2.83333 5	2.83333 7	
3 3	3 6	3 8	3 5	
3.16667 4	3.16667 7	3.16667 8	3.16667 6	
3.33333 6	3.33333 4	3.33333 3	3.33333 5	
3.5 9	3.5 6	3.5 4	3.5 9	
3.66667 4	3.66667 2	3.66667 3	3.66667 5	
3.83333 5	3.83333 2	3.83333 3	3.83333 6	
4 8	4 2	4 5	4 8	
4.16667 7	4.16667 2	4.16667 6	4.16667 5	
4.33333 8	4.33333 4	4.33333 7	4.33333 7	
4.5 5	4.5 5	4.5 5	4.5 6	
4.66667 2	4.66667 4	4.66667 7	4.66667 8	
4.83333 5	4.83333 4	4.83333 6	4.83333 7	
5 6	5 5	5 9	5 7	
5.16667 7	5.16667 2	5.16667 7	5.16667 3	
5.33333 7	5.33333 5	5.33333 3	5.33333 3	
5.5 2	5.5 4	5.5 3	5.5 6	
5.66667 5	5.66667 6	5.66667 5	5.66667 4	
5.83333 7	5.83333 6	5.83333 7	5.83333 5	
6 7	6 5	6 6	6 7	
6.16667 7	6.16667 4	6.16667 4	6.16667 7	
6.33333 7	6.33333 2	6.33333 8	6.33333 2	
6.5 4	6.5 2	6.5 4	6.5 8	
6.66667 3	6.66667 2	6.66667 5	6.66667 5	
6.83333 5	6.83333 5	6.83333 7	6.83333 7	
7 6	7 3	7 9	7 6	
7.16667 5	7.16667 4	7.16667 5	7.16667 6	
7.33333 7	7.33333 6	7.33333 4	7.33333 6	
7.5 6	7.5 2	7.5 4	7.5 7	
7.66667 5	7.66667 4	7.66667 7	7.66667 1	
7.83333 6	7.83333 3	7.83333 4	7.83333 3	
8 7	8 5	8 4	8 6	
8.16667 8	8.16667 6	8.16667 6	8.16667 8	
8.33333 5	8.33333 6	8.33333 7	8.33333 9	
8.5 3	8.5 4	8.5 7	8.5 4	
8.66667 6	8.66667 5	8.66667 6	8.66667 8	
8.83333 5	8.83333 4	8.83333 7	8.83333 8	
9 4	9 2	9 6	9 8	
9.16667 6	9.16667 2	9.16667 4	9.16667 7	
9.33333 4	9.33333 3	9.33333 5	9.33333 5	
9.5 5	9.5 5	9.5 6	9.5 6	
9.66667 9	9.66667 3	9.66667 3	9.66667 3	
9.83333 7	9.83333 6	9.83333 6	9.83333 5	
10 7	10 2	10 6	10 8	
10.1667 6	10.1667 3	10.1667 5	10.1667 7	
10.3333 3	10.3333 4	10.3333 7	10.3333 6	
10.5 6	10.5 3	10.5 6	10.5 8	
10.6667 6	10.6667 5	10.6667 8	10.6667 8	
10.8333 6	10.8333 6	10.8333 7	10.8333 4	
11 3	11 4	11 4	11 6	
11.1667 5	11.1667 3	11.1667 4	11.1667 7	
11.3333 6	11.3333 6	11.3333 6	11.3333 7	
11.5 7	11.5 5	11.5 2	11.5 5	
11.6667 4	11.6667 3	11.6667 8	11.6667 8	
11.8333 7	11.8333 4	11.8333 5	11.8333 8	
12 7	12 4	12 8	12 6	
12.1667 8	12.1667 3	12.1667 5	12.1667 7	
12.3333 5	12.3333 2	12.3333 3	12.3333 5	
12.5 4	12.5 5	12.5 8	12.5 7	
12.6667 4	12.6667 3	12.6667 9	12.6667 9	
12.8333 5	12.8333 4	12.8333 4	12.8333 4	
13 7	13 5	13 7	13 7	
13.1667 3	13.1667 2	13.1667 3	13.1667 7	
13.3333 6	13.3333 5	13.3333 3	13.3333 6	
13.5 9	13.5 3	13.5 6	13.5 7	
13.6667 5	13.6667 6	13.6667 6	13.6667 6	
13.8333 6	13.8333 6	13.8333 5	13.8333 6	
14 7	14 3	14 9	14 7	
14.1667 6	14.1667 2	14.1667 4	14.1667 8	
14.3333 5	14.3333 5	14.3333 7	14.3333 7	
14.5 5	14.5 6	14.5 4	14.5 6	
14.6667 3	14.6667 4	14.6667 6	14.6667 7	
14.8333 5	14.8333 2	14.8333 8	14.8333 5	
15 7	15 4	15 4	15 7	
15.1667 5	15.1667 2	15.1667 4	15.1667 3	
15.3333 6	15.3333 5	15.3333 6	15.3333 9	
15.5 7	15.5 3	15.5 4	15.5 8	
15.6667 8	15.6667 3	15.6667 5	15.6667 5	
15.8333 6	15.8333 3	15.8333 6	15.8333 8	
16 4	16 6	16 8	16 5	
16.1667 7	16.1667 4	16.1667 4	16.1667 4	
16.3333 3	16.3333 4	16.3333 9	16.3333 5	
16.5 4	16.5 5	16.5 9	16.5 6	
16.6667 5	16.6667 3	16.6667 4	16.6667 5	
16.8333 7	16.8333 4	16.8333 3	16.8333 6	
17 3	17 7	17 3	17 6	
17.1667 7	17.1667 6	17.1667 6	17.1667 4	
17.3333 6	17.3333 2	17.3333 6	17.3333 8	
17.5 8	17.5 2	17.5 4	17.5 7	
17.6667 8	17.6667 5	17.6667 3	17.6667 5	
17.8333 7	17.8333 2	17.8333 7	17.8333 5	
18 3	18 2	18 8	18 3	
18.1667 3	18.1667 3	18.1667 9	18.1667 7	
18.3333 4	18.3333 6	18.3333 8	18.3333 9	
18.5 8	18.5 5	18.5 4	18.5 7	
18.6667 8	18.6667 3	18.6667 6	18.6667 4	
18.8333 3	18.8333 5	18.8333 3	18.8333 6	
19 4	19 3	19 3	19 5	
19.1667 6	19.1667 3	19.1667 8	19.1667 8	
19.3333 6	19.3333 6	19.3333 2	19.3333 5	
19.5 7	19.5 3	19.5 6	19.5 7	
19.6667 9	19.6667 5	19.6667 8	19.6667 5	
19.8333 5	19.8333 6	19.8333 5	19.8333 5	
20 5	20 3	20 8	20 8	
20.1667 3	20.1667 3	20.1667 5	20.1667 6	
20.3333 4	20.3333 3	20.3333 8	20.3333 4	
20.5 5	20.5 5	20.5 8	20.5 9	
20.6667 7	20.6667 3	20.6667 3	20.6667 4	
20.8333 7	20.8333 2	20.8333 3	20.8333 7	
21 8	21 3	21 5	21 6	
21.1667 4	21.1667 4	21.1667 3	21.1667 7	
21.3333 5	21.3333 2	21.3333 9	21.3333 8	
21.5 8	21.5 6	21.5 6	21.5 5	
21.6667 5	21.6667 5	21.6667 6	21.6667 4	
21.8333 5	21.8333 5	21.8333 6	21.8333 5	
22 7	22 7	22 7	22 5	
22.1667 3	22.1667 6	22.1667 7	22.1667 6	
22.3333 4	22.3333 4	22.3333 6	22.3333 9	
22.5 5	22.5 3	22.5 3	22.5 4	
22.6667 7	22.6667 2	22.6667 5	22.6667 5	
22.8333 7	22.8333 2	22.8333 3	22.8333 5	
23 7	23 4	23 6	23 7	
23.1667 8	23.1667 6	23.1667 5	23.1667 6	
23.3333 6	23.3333 3	23.3333 7	23.3333 6	
23.5 4	23.5 2	23.5 5	23.5 8	
23.6667 5	23.6667 3	23.6667 8	23.6667 4	
23.8333 5	23.8333 5	23.8333 7	23.8333 6	
24 4	24 5	24 6	24 6	
24.1667 5	24.1667 3	24.1667 6	24.1667 7	
24.3333 7	24.3333 4	24.3333 5	24.3333 8	
24.5 5	24.5 4	24.5 4	24.5 5	
24.6667 8	24.6667 6	24.6667 3	24.6667 5	
24.8333 4	24.8333 7	24.8333 5	24.8333 4	
25 8	25 4	25 6	25 5	
25.1667 8	25.1667 2	25.1667 7	25.1667 5	
25.3333 6	25.3333 3	25.3333 8	25.3333 4	
25.5 4	25.5 4	25.5 5	25.5 9	
25.6667 3	25.6667 5	25.6667 8	25.6667 8	
25.8333 4	25.8333 2	25.8333 5	25.8333 4	
26 5	26 2	26 4	26 7	
26.1667 6	26.1667 2	26.1667 4	26.1667 6	
26.3333 5	26.3333 5	26.3333 6	26.3333 5	
26.5 7	26.5 6	26.5 7	26.5 8	
26.6667 7	26.6667 6	26.6667 5	26.6667 6	
26.8333 7	26.8333 5	26.8333 3	26.8333 6	
27 8	27 4	27 5	27 6	
27.1667 4	27.1667 5	27.1667 7	27.1667 6	
27.3333 5	27.3333 4	27.3333 8	27.3333 7	
27.5 4	27.5 4	27.5 7	27.5 4	
27.6667 5	27.6667 2	27.6667 6	27.6667 8	
27.8333 5	27.8333 3	27.8333 6	27.8333 6	
28 8	28 5	28 5	28 5	
28.1667 4	28.1667 4	28.1667 4	28.1667 3	
28.3333 7	28.3333 3	28.3333 5	28.3333 7	
28.5 4	28.5 3	28.5 7	28.5 4	
28.6667 7	28.6667 2	28.6667 6	28.6667 6	
28.8333 5	28.8333 4	28.8333 3	28.8333 3	
29 6	29 6	29 5	29 4	
29.1667 6	29.1667 6	29.1667 6	29.1667 6	
29.3333 8	29.3333 3	29.3333 6	29.3333 6	
29.5 4	29.5 5	29.5 6	29.5 7	
29.6667 3	29.6667 4	29.6667 8	29.6667 4	
29.8333 5	29.8333 5	29.8333 6	29.8333 5	
30 6	30 3	30 5	30 4	
30.1667 6	30.1667 4	30.1667 6	30.1667 6	
30.3333 8	30.3333 3	30.3333 5	30.3333 7	
30.5 6	30.5 4	30.5 5	30.5 4	
30.6667 3	30.6667 5	30.6667 3	30.6667 3	
30.8333 5	30.8333 3	30.8333 6	30.8333 4	
31 7	31 3	31 7	31 4	
31.1667 6	31.1667 2	31.1667 5	31.1667 7	
31.3333 7	31.3333 3	31.3333 8	31.3333 6	
31.5 4	31.5 5	31.5 6	31.5 3	
31.6667 5	31.6667 7	31.6667 7	31.6667 4	
31.8333 5	31.8333 5	31.8333 4	31.8333 7	
32 5	32 4	32 7	32 7	
32.1667 7	32.1667 5	32.1667 5	32.1667 2	
32.3333 7	32.3333 2	32.3333 3	32.3333 4	
32.5 4	32.5 3	32.5 3	32.5 3	
32.6667 9	32.6667 4	32.6667 7	32.6667 6	
32.8333 7	32.8333 4	32.8333 7	32.8333 4	
33 5	33 3	33 5	33 5	
33.1667 4	33.1667 6	33.1667 8	33.1667 6	
33.3333 2	33.3333 5	33.3333 6	33.3333 7	
33.5 7	33.5 5	33.5 7	33.5 7	
33.6667 7	33.6667 3	33.6667 6	33.6667 5	
33.8333 7	33.8333 2	33.8333 5	33.8333 6	
34 7	34 2	34 4	34 4	
34.1667 3	34.1667 5	34.1667 3	34.1667 4	
34.3333 4	34.3333 4	34.3333 6	34.3333 0	
34.5 6	34.5 5	34.5 4	34.5 2	
34.6667 6	34.6667 4	34.6667 7	34.6667 4	
34.8333 0	34.8333 4	34.8333 5	34.8333 4	
35 0	35 4	35 4	35 4	
35.1667 0	35.1667 5	35.1667 0	35.1667 3	
35.3333 0	35.3333 2	35.3333 0	35.3333 4	
35.5 0	35.5 5	35.5 0	35.5 1	
35.6667 0	35.6667 4	35.6667 0	35.6667 4	
35.8333 0	35.8333 3	35.8333 0	35.8333 3	
36 0	36 5	36 0	36 5	
36.1667 0	36.1667 5	36.1667 0	36.1667 1	
36.3333 0	36.3333 2	36.3333 0	36.3333 3	
36.5 0	36.5 4	36.5 0	36.5 4	
36.6667 0	36.6667 5	36.6667 0	36.6667 3	
36.8333 0	36.8333 3	36.8333 0	36.8333 1	
37 0	37 4	37 0	37 2	
37.1667 0	37.1667 4	37.1667 0	37.1667 0	
37.3333 0	37.3333 4	37.3333 0	37.3333 2	
37.5 0	37.5 4	37.5 0	37.5 1	
37.6667 0	37.6667 2	37.6667 0	37.6667 4	
37.8333 0	37.8333 5	37.8333 0	37.8333 2	
38 0	38 4	38 0	38 2	
38.1667 0	38.1667 5	38.1667 0	38.1667 2	
38.3333 0	38.3333 4	38.3333 0	38.3333 2	
38.5 0	38.5 5	38.5 0	38.5 0	
38.6667 0	38.6667 3	38.6667 0	38.6667 2	
38.8333 0	38.8333 5	38.8333 0	38.8333 3	
39 0	39 5	39 0	39 2	
39.1667 0	39.1667 3	39.1667 0	39.1667 2	
39.3333 0	39.3333 3	39.3333 0	39.3333 4	
39.5 0	39.5 3	39.5 0	39.5 0	
39.6667 0	39.6667 5	39.6667 0	39.6667 1	
39.8333 0	39.8333 5	39.8333 0	39.8333 3	
40 0	40 2	40 0	40 1	
40.1667 0	40.1667 3	40.1667 0	40.1667 1	
40.3333 0	40.3333 4	40.3333 0	40.3333 2	
40.5 0	40.5 3	40.5 0	40.5 0	
40.6667 0	40.6667 5	40.6667 0	40.6667 1	
40.8333 0	40.8333 4	40.8333 0	40.8333 0	
41 0	41 5	41 0	41 4	
41.1667 0	41.1667 4	41.1667 0	41.1667 4	
41.3333 0	41.3333 5	41.3333 0	41.3333 5	
41.5 0	41.5 3	41.5 0	41.5 3	
41.6667 0	41.6667 6	41.6667 0	41.6667 1	
41.8333 0	41.8333 3	41.8333 0	41.8333 1	
42 0	42 2	42 0	42 0	
42.1667 0	42.1667 3	42.1667 0	42.1667 3	
42.3333 0	42.3333 7	42.3333 0	42.3333 0	
42.5 0	42.5 2	42.5 0	42.5 2	
42.6667 0	42.6667 3	42.6667 0	42.6667 1	
42.8333 0	42.8333 5	42.8333 0	42.8333 2	
43 0	43 3	43 0	43 2	
43.1667 0	43.1667 5	43.1667 0	43.1667 1	
43.3333 0	43.3333 4	43.3333 0	43.3333 1	
43.5 0	43.5 4	43.5 0	43.5 1	
43.6667 0	43.6667 4	43.6667 0	43.6667 0	
43.8333 0	43.8333 2	43.8333 0	43.8333 3	
44 0	44 5	44 0	44 1	
44.1667 0	44.1667 6	44.1667 0	44.1667 1	
44.3333 0	44.3333 4	44.3333 0	44.3333 1	
44.5 0	44.5 3	44.5 0	44.5 0	
44.6667 0	44.6667 3	44.6667 0	44.6667 3	
44.8333 0	44.8333 5	44.8333 0	44.8333 2	
45 0	45 3	45 0	45 1	
45.1667 0	45.1667 3	45.1667 0	45.1667 1	
45.3333 0	45.3333 5	45.3333 0	45.3333 1	
45.5 0	45.5 3	45.5 0	45.5 0	
45.6667 0	45.6667 4	45.6667 0	45.6667 4	
45.8333 0	45.8333 5	45.8333 0	45.8333 2	
46 0	46 3	46 0	46 0	
46.1667 0	46.1667 4	46.1667 0	46.1667 0	
46.3333 0	46.3333 5	46.3333 0	46.3333 0	
46.5 0	46.5 6	46.5 0	46.5 0	
46.6667 0	46.6667 5	46.6667 0	46.6667 1	
46.8333 0	46.8333 2	46.8333 0	46.8333 1	
47 0	47 2	47 0	47 1	
47.1667 0	47.1667 4	47.1667 0	47.1667 1	
47.3333 0	47.3333 1	47.3333 0	47.3333 2	
47.5 0	47.5 0	47.5 0	47.5 0	
47.6667 0	47.6667 0	47.6667 0	47.6667 1	
47.8333 0	47.8333 0	47.8333 0	47.8333 1	
48 0	48 0	48 0	48 0	
48.1667 0	48.1667 0	48.1667 0	48.1667 1	
48.3333 0	48.3333 0	48.3333 0	48.3333 0	
48.5 0	48.5 0	48.5 0	48.5 3	
48.6667 0	48.6667 0	48.6667 0	48.6667 0	
48.8333 0	48.8333 0	48.8333 0	48.8333 0	
49 0	49 0	49 0	49 2	
49.1667 0	49.1667 0	49.1667 0	49.1667 0	
49.3333 0	49.3333 0	49.3333 0	49.3333 0	
49.5 0	49.5 0	49.5 0	49.5 1	
49.6667 0	49.6667 0	49.6667 0	49.6667 1	
49.8333 0	49.8333 0	49.8333 0	49.8333 2	
50 0	50 0	50 0	50 0	
50.1667 0	50.1667 0	50.1667 0	50.1667 0	
50.3333 0	50.3333 0	50.3333 0	50.3333 2	
50.5 0	50.5 0	50.5 0	50.5 1	
50.6667 0	50.6667 0	50.6667 0	50.6667 1	
50.8333 0	50.8333 0	50.8333 0	50.8333 1	
51 0	51 0	51 0	51 0	
51.1667 0	51.1667 0	51.1667 0	51.1667 1	
51.3333 0	51.3333 0	51.3333 0	51.3333 1	
51.5 0	51.5 0	51.5 0	51.5 1	
51.6667 0	51.6667 0	51.6667 0	51.6667 0	
51.8333 0	51.8333 0	51.8333 0	51.8333 1	
52 0	52 0	52 0	52 0	
52.1667 0	52.1667 0	52.1667 0	52.1667 0	
52.3333 0	52.3333 0	52.3333 0	52.3333 0	
52.5 0	52.5 0	52.5 0	52.5 1	
52.6667 0	52.6667 0	52.6667 0	52.6667 0	
52.8333 0	52.8333 0	52.8333 0	52.8333 1	
53 0	53 0	53 0	53 1	
53.1667 0	53.1667 0	53.1667 0	53.1667 0	
53.3333 0	53.3333 0	53.3333 0	53.3333 2	
53.5 0	53.5 0	53.5 0	53.5 0	
53.6667 0	53.6667 0	53.6667 0	53.6667 1	
53.8333 0	53.8333 0	53.8333 0	53.8333 0	
54 0	54 0	54 0	54 0	
54.1667 0	54.1667 0	54.1667 0	54.1667 0	
54.3333 0	54.3333 0	54.3333 0	54.3333 1	
54.5 0	54.5 0	54.5 0	54.5 0	
54.6667 0	54.6667 0	54.6667 0	54.6667 1	
54.8333 0	54.8333 0	54.8333 0	54.8333 0	
55 0	55 0	55 0	55 0	
55.1667 0	55.1667 0	55.1667 0	55.1667 0	
55.3333 0	55.3333 0	55.3333 0	55.3333 1	
55.5 0	55.5 0	55.5 0	55.5 0	
55.6667 0	55.6667 0	55.6667 0	55.6667 0	
55.8333 0	55.8333 0	55.8333 0	55.8333 0	
56 0	56 0	56 0	56 0	
56.1667 0	56.1667 0	56.1667 0	56.1667 0	
56.3333 0	56.3333 0	56.3333 0	56.3333 1	
56.5 0	56.5 0	56.5 0	56.5 0	
56.6667 0	56.6667 0	56.6667 0	56.6667 0	
56.8333 0	56.8333 0	56.8333 0	56.8333 0	
57 0	57 0	57 0	57 0	
57.1667 0	57.1667 0	57.1667 0	57.1667 1	
57.3333 0	57.3333 0	57.3333 0	57.3333 0	
57.5 0	57.5 0	57.5 0	57.5 0	
57.6667 0	57.6667 0	57.6667 0	57.6667 0	
57.8333 0	57.8333 0	57.8333 0	57.8333 0	
58 0	58 0	58 0	58 0	
58.1667 0	58.1667 0	58.1667 0	58.1667 0	
58.3333 0	58.3333 0	58.3333 0	58.3333 0	
58.5 0	58.5 0	58.5 0	58.5 1	
58.6667 0	58.6667 0	58.6667 0	58.6667 1	
58.8333 0	58.8333 0	58.8333 0	58.8333 0	
59 0	59 0	59 0	59 0	
59.1667 0	59.1667 0	59.1667 0	59.1667 1	
59.3333 0	59.3333 0	59.3333 0	59.3333 0	
59.5 0	59.5 0	59.5 0	59.5 1	
59.6667 0	59.6667 0	59.6667 0	59.6667 1	
59.8333 0	59.8333 0	59.8333 0	59.8333 0	
60 0	60 0	60 0	60 0	
