0 20 20 20 20 20
0 20 20 20 20 20 20 20 20 20 20
1 19.8097 17.2745 19.7588 17.3212 19.5573 19.4052 19.4469 19.4739 18.5573 19.4805
2 19.6891 16.76 19.7323 16.9759 19.7799 18.8512 19.1339 18.9366 17.083 18.9486
3 19.8162 16.2474 19.7014 16.5824 19.6322 18.2418 18.9426 18.4088 15.6136 18.4182
4 19.703 15.7148 19.8057 16.2153 19.7191 17.7096 18.7966 17.8932 14.4391 17.981
5 19.7752 15.1948 19.7077 15.8261 19.6964 17.0867 18.6577 17.3508 14.2653 17.8634
6 19.713 14.6574 19.7361 15.423 19.6922 16.5232 18.4998 16.8099 14.1655 17.777
7 19.769 14.1389 19.7992 15.0638 19.745 15.9092 18.3168 16.2698 14.1354 17.717
8 19.7316 13.6017 19.7217 14.6805 19.7058 15.3633 18.167 15.7421 14.1434 17.6728
9 19.7505 13.0878 19.7643 14.2851 19.7461 14.7624 18.0156 15.2024 14.1577 17.6297
10 19.729 12.5402 19.7527 13.914 19.6948 14.1926 17.927 14.6697 14.172 17.5866
11 19.7577 12.0259 19.7105 13.5205 19.7529 13.6011 17.8288 14.1297 14.1863 17.5433
12 19.7508 11.4911 19.7932 13.1387 19.689 13.0173 17.6877 13.5897 14.2008 17.4996
13 19.7554 10.9847 19.7263 12.7645 19.7544 12.4451 17.6176 13.0782 14.2145 17.4582
14 19.7648 10.4549 19.7274 12.3802 19.6867 11.8684 17.5645 12.5453 14.2287 17.4153
15 19.7263 9.9394 19.7984 12.009 19.7687 11.2962 17.4697 11.9993 14.2428 17.3728
16 19.7789 9.3936 19.704 11.6133 19.6751 10.6878 17.3437 11.4494 14.2575 17.3282
17 19.7242 8.8738 19.7555 11.2122 19.7465 10.1083 17.2329 10.9089 14.2721 17.2841
18 19.7838 8.3379 19.759 10.8491 19.6857 9.5179 17.1557 10.3726 14.2864 17.241
19 19.7375 7.8215 19.7113 10.4555 19.7629 8.9506 17.0631 9.8473 14.3002 17.1994
20 19.7554 7.292 19.8028 10.0836 19.6993 8.3573 16.9552 9.3068 14.3142 17.1569
21 19.7508 6.7649 19.7311 9.7072 19.7563 7.7877 16.8696 8.773 14.3284 17.1141
22 19.7577 6.2435 19.7576 9.3131 19.7161 7.2058 16.7928 8.2532 14.3424 17.0717
23 19.7524 5.7205 19.7722 8.9461 19.7477 6.6342 16.7632 7.7217 14.357 17.0279
24 19.7735 5.1912 19.7234 8.5546 19.7201 6.0355 16.7202 7.2098 14.3713 16.9845
25 19.7241 4.6545 19.7722 8.1582 19.7372 5.4541 16.6883 6.697 14.3859 16.9405
26 19.7875 4.1275 19.7564 7.7863 19.7256 4.861 16.693 6.2078 14.4003 16.8969
27 19.7107 3.5927 19.7268 7.3877 19.7453 4.2908 16.6709 5.7107 14.4147 16.8535
28 19.766 3.0624 19.7678 7.004 19.7057 3.6779 16.6831 5.2277 14.4294 16.8092
29 19.7272 2.5297 19.7347 6.6217 19.7295 3.1091 16.6758 4.7796 14.4438 16.7656
30 19.7373 1.9953 19.7529 6.2234 19.7069 2.4904 16.7097 4.3808 14.4586 16.7208
31 19.7477 1.4702 19.7591 5.8479 19.7073 1.9236 16.7594 3.9812 14.4728 16.6781
32 19.744 0.9482 19.7477 5.4604 19.7455 1.3286 16.8289 3.6103 14.487 16.6349
33 19.7569 0.4006 19.7561 5.0753 19.6907 0.7498 16.9048 3.2633 14.5014 16.5915
34 19.9229 0.0581 19.7512 4.6819 19.8188 0.1922 16.9825 2.9277 14.5163 16.5467
35 19.9994 -0.0005 19.7583 4.3013 19.9934 0.0011 17.0632 2.6481 14.5301 16.5049
36 19.9994 -0.0005 19.7425 3.9217 19.9993 -0.0006 17.1676 2.3903 14.5445 16.4613
37 19.9994 -0.0005 19.7695 3.5422 19.9993 -0.0006 17.2436 2.1501 14.5585 16.4191
38 19.9994 -0.0005 19.7561 3.1651 19.9993 -0.0006 17.3582 1.9483 14.5724 16.3769
39 19.9994 -0.0005 19.7414 2.7783 19.9993 -0.0006 17.4536 1.7667 14.5865 16.3344
40 19.9994 -0.0005 19.7677 2.4145 19.9993 -0.0006 17.551 1.5997 14.6 16.2934
41 19.9994 -0.0005 19.7412 2.0439 19.9993 -0.0006 17.641 1.4744 14.6136 16.2525
42 19.9994 -0.0005 19.7811 1.6617 19.9993 -0.0006 17.7317 1.3408 14.6275 16.2103
43 19.9994 -0.0005 19.7325 1.2821 19.9993 -0.0006 17.8197 1.2173 14.6416 16.1679
44 19.9994 -0.0005 19.7462 0.8927 19.9993 -0.0006 17.892 1.1211 14.6563 16.1233
45 19.9994 -0.0005 19.7563 0.503 19.9993 -0.0006 17.9607 1.0339 14.6711 16.0788
46 19.9994 -0.0005 19.812 0.1851 19.9993 -0.0006 18.0437 0.954 14.6854 16.0354
47 19.9994 -0.0005 19.9564 0.0179 19.9993 -0.0006 18.1177 0.8802 14.6996 15.9923
48 19.9994 -0.0005 19.9994 -0.0005 19.9993 -0.0006 18.1777 0.8197 14.7131 15.9516
49 19.9994 -0.0005 19.9994 -0.0005 19.9993 -0.0006 18.2472 0.7651 14.7273 15.9087
50 19.9994 -0.0005 19.9994 -0.0005 19.9993 -0.0006 18.3055 0.71 14.741 15.8672
51 19.9994 -0.0005 19.9994 -0.0005 19.9993 -0.0006 18.3549 0.665 14.7559 15.8223
52 19.9994 -0.0005 19.9994 -0.0005 19.9993 -0.0006 18.411 0.6227 14.7704 15.7785
53 19.9994 -0.0005 19.9994 -0.0005 19.9993 -0.0006 18.466 0.5835 14.7847 15.7352
54 19.9994 -0.0005 19.9994 -0.0005 19.9993 -0.0006 18.5039 0.5574 14.7988 15.6928
55 19.9994 -0.0005 19.9994 -0.0005 19.9993 -0.0006 18.5548 0.5273 14.8135 15.6483
56 19.9994 -0.0005 19.9994 -0.0005 19.9993 -0.0006 18.5949 0.5057 14.8275 15.6059
57 19.9994 -0.0005 19.9994 -0.0005 19.9993 -0.0006 18.6506 0.4789 14.842 15.5622
58 19.9994 -0.0005 19.9994 -0.0005 19.9993 -0.0006 18.6919 0.4571 14.8559 15.5203
59 19.9994 -0.0005 19.9994 -0.0005 19.9993 -0.0006 18.7365 0.4345 14.8702 15.4769
60 19.9994 -0.0005 19.9994 -0.0005 19.9993 -0.0006 18.7836 0.4091 14.8853 15.4315
